1023
554
2589
3541
1
2
65
968
987
598
3568
6654
3598
564
6598
7845
3548
654
897
312
567
778
591
375
684
462
315
64
97
64
2
597
354
987
598
3568
6654
3598
564
6598
7845
3548
654
897
312
591
375
684
462
987
598
3568
6654
3598
564
6598
7845
3548
654
897
312
591
375
684
462
987
598
3568
6654
3598
564
6598
7845
3548
654
897
312
591
375
684
462
987
598
3568
6654
3598
564
6598
7845
3548
654
897
312
591
375
684
462
987
598
3568
6654
3598
564
6598
7845
3548
654
897
312
591
375
684
462
987
598
3568
6654
3598
564
6598
7845
3548
654
897
312
591
375
684
462